xof 0303txt 0032

AssetKind {
  Model;
}


Frame Scene {
  FrameTransformMatrix {
    1.0, 0.0, 0.0, 0.0,
    0.0, 1.0, 0.0, 0.0,
    0.0, 0.0, 1.0, 0.0,
    0.0, 0.0, 0.0, 1.0;;
  }
  Frame Root {
    FrameTransformMatrix {
      1.0, 0.0, 0.0, 0.0,
      0.0, 1.0, 0.0, 0.0,
      0.0, 0.0, 1.0, 0.0,
      0.0, 0.0, 0.0, 1.0;;
    }
    Mesh Mesh {
      24;
      -0.5; -0.5; -0.5;,
      -0.5; 0.5; -0.5;,
      0.5; 0.5; -0.5;,
      0.5; -0.5; -0.5;,
      0.5; -0.5; -0.5;,
      0.5; 0.5; -0.5;,
      0.5; 0.5; 0.5;,
      0.5; -0.5; 0.5;,
      0.5; -0.5; 0.5;,
      0.5; 0.5; 0.5;,
      -0.5; 0.5; 0.5;,
      -0.5; -0.5; 0.5;,
      -0.5; -0.5; 0.5;,
      -0.5; 0.5; 0.5;,
      -0.5; 0.5; -0.5;,
      -0.5; -0.5; -0.5;,
      -0.5; 0.5; -0.5;,
      -0.5; 0.5; 0.5;,
      0.5; 0.5; 0.5;,
      0.5; 0.5; -0.5;,
      -0.5; -0.5; 0.5;,
      -0.5; -0.5; -0.5;,
      0.5; -0.5; -0.5;,
      0.5; -0.5; 0.5;;
      12;
      3;0,1,2;,
      3;0,2,3;,
      3;4,5,6;,
      3;4,6,7;,
      3;8,9,10;,
      3;8,10,11;,
      3;12,13,14;,
      3;12,14,15;,
      3;16,17,18;,
      3;16,18,19;,
      3;20,21,22;,
      3;20,22,23;;

      MeshNormals {
        24;
        0;0;-1;,
        0;0;-1;,
        0;0;-1;,
        0;0;-1;,
        1;0;0;,
        1;0;0;,
        1;0;0;,
        1;0;0;,
        0;0;1;,
        0;0;1;,
        0;0;1;,
        0;0;1;,
        -1;0;0;,
        -1;0;0;,
        -1;0;0;,
        -1;0;0;,
        0;1;0;,
        0;1;0;,
        0;1;0;,
        0;1;0;,
        0;-1;0;,
        0;-1;0;,
        0;-1;0;,
        0;-1;0;;
        12;
        3;0,1,2;,
        3;0,2,3;,
        3;4,5,6;,
        3;4,6,7;,
        3;8,9,10;,
        3;8,10,11;,
        3;12,13,14;,
        3;12,14,15;,
        3;16,17,18;,
        3;16,18,19;,
        3;20,21,22;,
        3;20,22,23;;
      }

      MeshTextureCoords {
        24;
        0; 1;,
        0; 0;,
        1; 0;,
        1; 1;,
        0; 1;,
        0; 0;,
        1; 0;,
        1; 1;,
        0; 1;,
        0; 0;,
        1; 0;,
        1; 1;,
        0; 1;,
        0; 0;,
        1; 0;,
        1; 1;,
        0; 1;,
        0; 0;,
        1; 0;,
        1; 1;,
        0; 1;,
        0; 0;,
        1; 0;,
        1; 1;;
      }
    }
  }
}

AnimationSet Move{
  Animation {
    {Root}
    AnimationKey {
      0;
      3;
      0; 16; 	1.0, 0.0, 0.0, 0.0,
              	0.0, 1.0, 0.0, 0.0,
              	0.0, 0.0, 1.0, 0.0,
              	0.0, 0.0, 0.0, 1.0;;,
      1000; 16; 	1.0, 0.0, 0.0, 0.0,
               	0.0, 1.0, 0.0, 0.0,
              	0.0, 0.0, 1.0, 0.0,
               	0.0, 0.0, 0.0, 1.0;;,
      2000; 16; 	1.0, 0.0, 0.0, 0.0,
               	0.0, 1.0, 0.0, 0.0,
               	0.0, 0.0, 1.0, 0.0,
               	0.0, 0.0, 0.0, 1.0;;,
    }
  }
}